001111000010000100
011011000000000010
100111000000101100
001111010000000010
001111011000000001
001111010100000000
001111001000000001
011010011000100000
101010000000001111
000001001000000001
001110000101000000
100001000000100101
011011000100000000
101010000000010001
100110000000000111
010000010001010000
000001010100000001
000001010000000001
001110011001000000
110110011000000000
101001000000000110
001111010000000000
001111010111111111
010010001001000000
000001010000000001
001110000100000000
100001000000100101
011011000100000000
101010000000011110
100110000000010111
010000001001010000
000101010100000001
001111010000000000
001110000000110000
011011000000000001
101010000000101100
100110000000010111
001111001100000000
000100000100100000
100111000000101010
000001001100000001
100110000000100110
000000000100100000
101011000000000000
