001111100100000000
001111000001000000
001110111100000000
001001111101111111
101010000000000110
100110000000001000
001111100000001000
100110000010100001
001111010000001000
001110111101000000
001001111101111111
101010000010010000
001110111100000000
001101111111111000
101010000010000100
001110111100000000
001101111101111000
101010000010000100
001110111101000000
001101111111111000
101010000010001001
001110111101000000
001101111101111000
101010000010001001
001110001000000000
001001001001111000
110110001000000000
110110001000000000
110110001000000000
001110000100000000
001001000110000000
110000000100000000
001110001100000000
001001001100000111
000001001100001000
001110011001000000
001001011001111000
110110011000000000
110110011000000000
110110011000000000
001110010101000000
001001010110000000
110000010100000000
001110011101000000
001001011100000111
000001011100001000
011010001001100000
101010000000111101
100111000000111000
000001011000000000
000001011000000001
110110011100000000
011010001001100000
101010000000111101
100110000000110010
000001001000000001
110110001100000000
011010001001100000
101010000000111101
100110000000111000
001001001100000111
001001011100000111
001011000100000000
101001000010000000
001011010100000000
101001000001001100
000000001101110000
100001000010010010
000000001011110000
001110100000100000
110010100000000000
110010100000000000
110010100000000000
001010100000110000
100110000010100001
011010001101110000
101010000010100000
100001000010010010
100010000010011000
001110100111110000
110001100100000000
001101011111111111
000000011100110000
100111000001011000
100110000001011010
000001011100000001
100110000001011011
001101011111111111
001110100000100000
110010100000000000
110010100000000000
110010100000000000
001010100001110000
001010100010010000
100110000010100001
011010011100110000
101010000010100000
100001000010010010
001110100111110000
110001100100000000
001101001111111111
000000001101110000
100111000001101011
100110000001101101
000001001100000001
100110000001101110
001101001111111111
001110100001100000
110010100000000000
110010100000000000
110010100000000000
001010100000110000
001010100010010000
100110000010100001
001111100110000000
000000001101110000
100001000010010010
000000001011110000
001110100000100000
110010100000000000
110010100000000000
110010100000000000
001010100000110000
001011100010000000
100110000010100001
001011010100000000
101001000001100010
101010000001110101
001110111101000000
001101111111111000
101010000010001110
001110100000000000
100110000010100001
001110111100000000
001101111101111000
101010000010001110
001110100001000000
100110000010100001
001111100000000000
100110000010100001
001110100000000000
100110000010100001
100111000010010100
101000000010010110
001111111100000001
101011000000000000
001111111100000000
101011000000000000
000101001000000001
110010011100000000
001001011100000110
101011000000000000
000101011000000001
110010001100000000
001001001100000110
101011000000000000
001111100000000000
