001111011100000000
001111100000000010
001111100100000000
001111101000000001
001111101100000000
001111110000000000
001111111100000000
001111001100000000
001111010000000001
011010100100110000
100101000000010011
000001010000000001
000011001100000000
001110000101110000
001110001010000000
100001000000110000
011011000100000000
101010000000010110
100110000000001001
011010101001000000
101010000000011001
101011000000000000
011011001000000000
101010000000011101
100110000000001001
011010110001110000
100010000000100101
010000100010110000
000001101100000001
000001100000000001
000011011100000000
001110100101110000
001110101010000000
110110100100000000
111000101000000000
101010000000101101
100110000000000111
010000111110110000
000001101100000001
010000011110110000
000001101100000001
010000111110110000
000001101100000001
000001110000000001
101011000000000000
011011100100000000
101010000000111011
100110000000000111
001111010100000000
001111011000000000
000100001001000000
000110000100110000
100111000000111000
000001011000000001
000011010100000000
100110000000110010
000000001001000000
000010000100110000
101011000000000000
