001111000100001011
001111001000001101
010001000100000001
010001001000000010
100001000000010100
010001001100000011
100001000001010101
100001000000011011
010001010100000100
100001000001010101
100001000001100101
100001000001010101
100001000000100101
010011000000000110
011011000000000001
100001000001010101
010011000000000011
010011000100000101
010011001000000110
100110000010001100
001110001100010000
001110010000100000
011011010000000001
101110000000000000
000000001100010000
000101010000000001
100110000000010110
010011010100000001
000101010100000001
001110011101010000
010011011000000010
000101011000000001
011011011000000001
101110000000000000
000000010101110000
000101011000000001
100110000000100000
010011000100000101
010011001000000100
001111001100000000
001111010000000001
100001000000110000
011011001110000000
100111000000101110
010011001000000100
000000001100100000
010001001100000110
101011000000000000
011011000100000000
101110000000000000
100001000000111110
001110011100110000
001110001101000000
100001000001000111
000100011111100000
001110010001110000
001110100000100000
001110001000010000
100001000001001110
000100100011100000
001110000110000000
100110000000110000
001110101000100000
001110101100010000
001111110000000000
000100101010110000
100111000001000101
000001110000000001
100110000001000001
000000101010110000
101011000000000000
001110110111000000
001110111001000000
011011110100000001
101110000000000000
000101110100000001
000000111001000000
100110000001001001
001110110111000000
001110111000010000
011011110100000001
101110000000000000
000101110100000001
000000111000010000
100110000001010000
001111000100000000
001111001000000000
001111001100000000
001111010000000000
001111010100000000
001111011000000000
001111011100000000
001111100000000000
001111100100000000
001111101000000000
001111101100000000
001111110000000000
001111110100000000
001111111000000000
001111111100000000
101011000000000000
010011100000000001
010011100100000010
011010100010010000
101000000001101010
001110100010010000
000001100000000001
010011100100000100
100110000001101110
000001100000000001
001110000110000000
001110001010010000
100001000001110100
011011000100000001
101010000010001010
100110000001101101
011010001000010000
100111000001111001
001110001100010000
001110000100100000
001110001000110000
011011001000000000
101010000001111111
100001000010000000
001110000100100000
001110001000110000
100110000001110100
101011000000000000
001110101000010000
001110101100100000
001111110000000000
000100101010110000
100111000010000111
000001110000000001
100110000010000011
000000101010110000
001110001110100000
101011000000000000
010001100000000101
101011000000000000
100110000010001100
